%YAML:1.0
model_type: POLYFISHEYE
camera_name: ltb_fisheye
image_width: 752
image_height: 480
projection_parameters:
   k2: 4.7302366521325290e-03
   k3: -3.9714487362487637e-02
   k4: 6.5443155734867114e-02
   k5: -7.3413108200855795e-02
   k6: 4.2531961089405233e-02
   k7: -1.0500385959565631e-02
   A11: 2.1953953780769288e+02
   A12: 7.4713734453293906e-02
   A22: 2.1958368573203367e+02
   u0: 3.8938151387386330e+02
   v0: 2.5072578276104784e+02
   isFast: 0
   numDiff: 3000
   maxIncidentAngle: 100
