%YAML:1.0
model_type: POLYFISHEYE
camera_name: blue280_fisheye
image_width: 752
image_height: 480
projection_parameters:
   k2: -3.8360075148360668e-03
   k3: -4.9381552879585004e-03
   k4: 9.7047621964341715e-03
   k5: -2.0712837117456615e-02
   k6: 1.4926909799103525e-02
   k7: -4.1691634024687025e-03
   A11: 1.9892873676750494e+02
   A12: 6.9107773547532864e-02
   A22: 1.9908673043973630e+02
   u0: 3.7069916881171298e+02
   v0: 2.3719724185007200e+02
   isFast: 1
   numDiff: 2000
   maxIncidentAngle: 100